
1. Model matrix is given as an identity matrix

2. Cube information
-----
GLfloat vertices[] = {
	-0.5, -0.5, -0.5, 1.0,  
	-0.5, -0.5, +0.5, 1.0, 
	-0.5, +0.5, -0.5, 1.0,  
	-0.5, +0.5, +0.5, 1.0,  
	+0.5, -0.5, -0.5, 1.0,  
	+0.5, -0.5, +0.5, 1.0,  
	+0.5, +0.5, -0.5, 1.0,  
	+0.5, +0.5, +0.5, 1.0,  
};

GLfloat colors[] = {
	1.0, 0.0, 0.0, 1.0,
	0.0, 1.0, 0.0, 1.0,
	0.0, 0.0, 1.0, 1.0,
	1.0, 1.0, 0.0, 1.0,
	0.0, 1.0, 1.0, 1.0,
	1.0, 0.0, 1.0, 1.0,
	1.0, 0.5, 0.2, 1.0,
	0.2, 1.0, 1.0, 1.0,
};

GLushort indices[] = { 
	0, 4, 6,
	6, 2, 0,
	4, 5, 7,
	7, 6, 4,
	1, 3, 7,
	7, 5, 1,
	0, 2, 3,
	3, 1, 0,
	2, 6, 7,
	7, 3, 2,
	0, 1, 5,
	5, 4, 0,
};